13
(-0.8,-0.9,0.0)(0.0,1.0,0.0)(0.0,0.0)
(-0.6,-0.0625,0.0)(0.0,1.0,0.0)(0.0,0.0)
(-0.4,0.400,0.0)(0.0,1.0,0.0)(0.0,0.0)
(-0.2,0.5625,0.0)(0.0,1.0,0.0)(0.0,0.0)
(0.0,0.5,0.0)(1.0,0.0,0.0)(0.0,0.0)
(0.2,0.2875,0.0)(1.0,0.0,0.0)(0.0,0.0)
(0.4,0.0,0.0)(1.0,0.0,0.0)(0.0,0.0)
(0.6,-0.2875,0.0)(1.0,0.0,0.0)(0.0,0.0)
(0.8,-0.5,0.0)(1.0,0.0,0.0)(0.0,0.0)
(1.0,-0.5625,0.0)(0.0,1.0,0.0)(0.0,0.0)
(1.2,-0.4,0.0)(0.0,1.0,0.0)(0.0,0.0)
(1.4,0.0625,0.0)(0.0,1.0,0.0)(0.0,0.0)
(1.6,0.9,0.0)(0.0,1.0,0.0)(0.0,0.0)