24
(-0.6,-0.45,0.0)(0.0,1.0,0.0)(0.0,0.0)
(-0.5,-0.03125,0.0)(0.0,1.0,0.0)(0.0,0.0)
(-0.5,-0.03125,0.0)(0.0,1.0,0.0)(0.0,0.0)
(-0.4,0.2,0.0)(0.0,1.0,0.0)(0.0,0.0)
(-0.4,0.2,0.0)(0.0,1.0,0.0)(0.0,0.0)
(-0.3,0.28125,0.0)(0.0,1.0,0.0)(0.0,0.0)
(-0.3,0.28125,0.0)(0.0,1.0,0.0)(0.0,0.0)
(-0.2,0.25,0.0)(1.0,0.0,0.0)(0.0,0.0)
(-0.2,0.25,0.0)(1.0,0.0,0.0)(0.0,0.0)
(-0.1,0.14375,0.0)(1.0,0.0,0.0)(0.0,0.0)
(-0.1,0.14375,0.0)(1.0,0.0,0.0)(0.0,0.0)
(0.0,0.0,0.0)(1.0,0.0,0.0)(0.0,0.0)
(0.0,0.0,0.0)(1.0,0.0,0.0)(0.0,0.0)
(0.1,-0.14375,0.0)(1.0,0.0,0.0)(0.0,0.0)
(0.1,-0.14375,0.0)(1.0,0.0,0.0)(0.0,0.0)
(0.2,-0.25,0.0)(1.0,0.0,0.0)(0.0,0.0)
(0.2,-0.25,0.0)(1.0,0.0,0.0)(0.0,0.0)
(0.3,-0.28125,0.0)(0.0,1.0,0.0)(0.0,0.0)
(0.3,-0.28125,0.0)(0.0,1.0,0.0)(0.0,0.0)
(0.4,-0.2,0.0)(0.0,1.0,0.0)(0.0,0.0)
(0.4,-0.2,0.0)(0.0,1.0,0.0)(0.0,0.0)
(0.5,0.03125,0.0)(0.0,1.0,0.0)(0.0,0.0)
(0.5,0.03125,0.0)(0.0,1.0,0.0)(0.0,0.0)
(0.6,0.45,0.0)(0.0,1.0,0.0)(0.0,0.0)